statistic:-7.057150
pvalue:0.000100
