statistic:-2.799582
pvalue:0.997900
