statistic:-3.225457
pvalue:0.001600
