statistic:-0.417468
pvalue:0.676932
