statistic:1.497829
pvalue:0.060994
