statistic:-2.004156
pvalue:0.978102
