statistic:-1.963592
pvalue:0.974403
