statistic:-165.180281
pvalue:1.000000
