statistic:-8.862859
pvalue:1.000000
