statistic:-0.355274
pvalue:0.716028
