statistic:0.237433
pvalue:0.407859
