statistic:4.418998
pvalue:0.000100
