statistic:2.206199
pvalue:0.014799
