statistic:-0.5084158699685222
pvalue:0.6046395360463953
