statistic:-3.9994956419912335
pvalue:9.999000099990002e-05
