statistic:-1.432614457237229
pvalue:0.9228077192280771
