statistic:-1.71738178001789
pvalue:0.0842915708429157
