statistic:-5.183147188875585
pvalue:9.999000099990002e-05
