statistic:-1.189680165692391
pvalue:0.8828117188281172
