statistic:-1.1016067704964936
pvalue:0.2723727627237276
