statistic:-3.951030634117581
pvalue:9.999000099990002e-05
