statistic:0.4304842215758642
pvalue:0.3307669233076692
