statistic:-0.6525495076737472
pvalue:0.7447255274472553
