statistic:-2.8592736311097
pvalue:0.9984001599840016
