statistic:0.5453422737644109
pvalue:0.29387061293870614
