statistic:0.6796069559529402
pvalue:0.2515748425157484
