statistic:-0.9273473704313829
pvalue:0.3514648535146485
