statistic:-0.695845870137476
pvalue:0.7548245175482452
