statistic:-0.5545405113676037
pvalue:0.5691430856914309
