statistic:-2.7263640236544116
pvalue:0.9966003399660034
