statistic:-1.1242203188696362
pvalue:0.25377462253774624
