statistic:-2.2402614719786493
pvalue:0.023997600239976002
