statistic:-1.9554276241878334
pvalue:0.9759024097590241
