statistic:-2.9177391697783204
pvalue:0.0037996200379962005
