statistic:-1.1386734321746133
pvalue:0.8721127887211279
