statistic:-1.2592855313004603
pvalue:0.20157984201579843
