statistic:0.6351588208784076
pvalue:0.2598740125987401
