statistic:-0.7415448522238228
pvalue:0.461053894610539
