statistic:-0.4294681916015575
pvalue:0.6638336166383362
