statistic:0.17993319096221735
pvalue:0.42375762423757624
